0.000000000000000000e+00
2.812415984190218543e-01
5.507601866970479598e-01
7.974233931741363524e-01
1.011246554332607905e+00
1.183884672498983548e+00
1.309031644341914102e+00
1.382704725952479174e+00
1.403399094986213846e+00
1.372105150448995614e+00
1.292189375856197309e+00
1.169147677241413774e+00
1.010247596828822259e+00
8.240822375572056657e-01
6.200637215260014212e-01
4.078872466575986233e-01
1.969981102002371642e-01
-3.906633527061165179e-03
-1.873128636119301693e-01
-3.472358336439371751e-01
-4.794596671166501678e-01
-5.816582131026394320e-01
-6.533932235600412586e-01
-6.959936351724927972e-01
-7.123272310642946303e-01
-7.064826488020745643e-01
-6.833851712827897495e-01
-6.483736460528302104e-01
-6.067679864348431984e-01
-5.634568901420761167e-01
-5.225336665064428399e-01
-4.870045136286784149e-01
-4.585884682372831089e-01
-4.376219001171406386e-01
-4.230732541399063185e-01
-4.126662224192839123e-01
-4.031021451246106224e-01
-3.903656700667182955e-01
-3.700919876878797643e-01
-3.379696712144113491e-01
-2.901505717271529727e-01
-2.236375157070529529e-01
-1.366217788486925877e-01
-2.874539157684041779e-02
9.873192343495018619e-02
2.428752726369715065e-01
3.991335775095499749e-01
5.615144201858794926e-01
7.228664947166211219e-01
8.752542126009119627e-01
1.010402729818819845e+00
1.120186704771198194e+00
1.197132787622664507e+00
1.234904403791656780e+00
1.228737932511502429e+00
1.175801875850589262e+00
1.075454921145861276e+00
9.293846624335131423e-01
7.416158071929869200e-01
5.183845198629797313e-01
2.678836597765010263e-01
-1.084444142945839573e-04
-2.746958698551426048e-01
-5.444037987365966114e-01
-7.977577422306081356e-01
-1.023870335342196736e+00
-1.213002084056739260e+00
-1.357063817355348423e+00
-1.450031924149073337e+00
-1.488252537762222882e+00
-1.470617358126859786e+00
-1.398601374520095586e+00
-1.276160904920329298e+00
-1.109498601536253570e+00
-9.067098808583544667e-01
-6.773321426898688546e-01
-4.318237247165034876e-01
-1.810034588589884974e-01
6.451628158837235949e-02
2.948701453270063944e-01
5.014230722914431171e-01
6.771692280772335648e-01
8.170250469200459609e-01
9.180015808383943376e-01
9.792489492714688826e-01
1.001973644112595263e+00
9.892372701369360755e-01
9.456525018395849358e-01
8.769981674259008653e-01
7.897800513437420733e-01
6.907669535585904130e-01
5.865325827137877202e-01
4.830329387616463244e-01
3.852460303755586568e-01
2.968962647797821486e-01
2.202799410154986925e-01
1.562013585160865747e-01
1.040215708644099957e-01
6.181425399802462084e-02
2.661600689827463284e-02
-5.247878377574545505e-03
-3.778614750351635965e-02
-7.494019680476049494e-02
-1.201875455981299412e-01
-1.761788237523799205e-01
-2.444347118607589908e-01
-3.251252985726275080e-01
-4.169488475808792449e-01
-5.171203473040444365e-01
-6.214728754506273489e-01
-7.246672215673628514e-01
-8.204978635712296686e-01
-9.022767652292663643e-01
-9.632709821945221185e-01
-9.971660941273264855e-01
-9.985252841885889907e-01
-9.632136172778333894e-01
-8.887587552667233215e-01
-7.746228973315962829e-01
-6.223659338224779569e-01
-4.356863348687875503e-01
-2.203337563111058828e-01
1.610472873094681567e-02
2.645349699581807656e-01
5.147854817999351074e-01
7.561130422274568996e-01
9.777556252220434008e-01
1.169500880690900413e+00
1.322237040653879925e+00
1.428453816466634940e+00
1.482663525881869448e+00
1.481717194126937587e+00
1.424996438797365927e+00
1.314469205563000731e+00
1.154605427118064354e+00
9.521569410691492763e-01
7.158140166302014995e-01
4.557581132690066150e-01
1.831365807913876709e-01
-9.051046268895317215e-02
-3.538381465210158616e-01
-5.962661334921541822e-01
-8.084968918782799996e-01
-9.829539550509126533e-01
-1.114116193092187235e+00
-1.198730565056882469e+00
-1.235893282424449291e+00
-1.226997328401834286e+00
-1.175552345796200049e+00
-1.086890528369353959e+00
-9.677788568659148050e-01
-8.259634003614595432e-01
-6.696751300362184800e-01
-5.071285447630813348e-01
-3.460442834156572944e-01
-1.932248196716718769e-01
-5.420844638921867853e-02
6.697868308152921113e-02
1.679593246328564549e-01
2.480249936199261374e-01
3.080408562919693116e-01
3.502451114781305885e-01
3.779591188873171470e-01
3.952302236960690274e-01
4.064334458469008871e-01
4.158606813003459801e-01
4.273266479334423829e-01
4.438194689336880105e-01
4.672206128894740851e-01
4.981141112842189522e-01
5.356988637974238188e-01
5.778108168194564520e-01
6.210543167686728427e-01
6.610344827225906883e-01
6.926754968435707704e-01
7.106037282571558977e-01
7.095699775918655750e-01
6.848821604724184553e-01
6.328186384601454106e-01
5.509932363787802823e-01
4.386457129225516116e-01
2.968359127917674090e-01
1.285257479707002104e-01
-6.145983624389161903e-02
-2.665940984694193938e-01
-4.789253082992519506e-01
-6.894549992968092011e-01
-8.885968617551598392e-01
-1.066690023363729756e+00
-1.214536609057248695e+00
-1.323931457003659995e+00
-1.388151834855745781e+00
-1.402376964142713733e+00
-1.364011010997503659e+00
-1.272888709768538185e+00
-1.131349619454788957e+00
-9.441747545128451602e-01
-7.183875067068925535e-01
-4.629288803079057435e-01
-1.882245992095870069e-01
9.433185412006153681e-02
3.729511435622818727e-01
6.360424899210239680e-01
8.727967906352506189e-01
1.073725333618148925e+00
1.231123669280553390e+00
1.339434715514116636e+00
1.395491233536532150e+00
1.398625052952821690e+00
1.350638394708017609e+00
1.255640848954730382e+00
1.119763505750095645e+00
9.507689223746572660e-01
7.575816027185211521e-01
5.497680980858656863e-01
3.369984496631978077e-01
1.285213301435812472e-01
-6.731612125906888400e-02
-2.434760416469879951e-01
-3.945423871328223031e-01
-5.169218118273510854e-01
-6.089236918484171035e-01
-6.707178690185271464e-01
-7.041764552908078567e-01
-7.126133147166038295e-01
-7.004411670815412494e-01
-6.727712403496521887e-01
-6.349837288199771113e-01
-5.922987877181684624e-01
-5.493773289610186517e-01
-5.099785170993982319e-01
-4.766967601369514473e-01
-4.507954188733818146e-01
-4.321477856672170659e-01
-4.192885439360004574e-01
-4.095713902735572121e-01
-3.994212703839156720e-01
-3.846632172402014715e-01
-3.609045047099393444e-01
-3.239430859244786243e-01
-2.701733183954530548e-01
-1.969599189819546681e-01
-1.029529506826984409e-01
1.167969376325661557e-02
1.451206089134936539e-01
2.938838107016760737e-01
4.529127911516033778e-01
6.157925190202691024e-01
7.750646592201912988e-01
9.226283425238896996e-01
1.050202935128123460e+00
1.149824818036356167e+00
1.214347481907336324e+00
1.237913458344029216e+00
1.216367807249457478e+00
1.147586000540190998e+00
1.031693902377896821e+00
8.711638520380646789e-01
6.707782223065408278e-01
4.374598004292495346e-01
1.799764268294190561e-01
-9.146497324816921237e-02
-3.657129981183510070e-01
-6.312275143965729862e-01
-8.766651408587912142e-01
-1.091461070078335815e+00
-1.266373841410936452e+00
-1.393961717219225571e+00
-1.468963254801781915e+00
-1.488560270067680991e+00
-1.452508313088948233e+00
-1.363127595868370401e+00
-1.225155549121756948e+00
-1.045470332203418895e+00
-8.327021791018364150e-01
-5.967559714193263476e-01
-3.482734900575380488e-01
-9.806710514641137078e-02
1.434419777248306660e-01
3.667484624142612892e-01
5.637208839271010685e-01
7.279673296430068108e-01
8.550895334762668165e-01
9.428130020824559976e-01
9.909886050701492977e-01
1.001469032187871644e+00
9.778711903867765010e-01
9.252425043830633244e-01
8.496547688606335136e-01
7.577533296294012288e-01
6.562916953989419433e-01
5.516820669591750992e-01
4.495907053765693107e-01
3.546036578665767158e-01
2.699833480556489418e-01
1.975302466062131002e-01
1.375566791239503095e-01
8.897226542969832730e-02
4.947300662818565620e-02
1.581912622689235493e-02
-1.581912622689160552e-02
-4.947300662818485129e-02
-8.897226542969732810e-02
-1.375566791239490883e-01
-1.975302466062116014e-01
-2.699833480556437793e-01
-3.546036578665703876e-01
-4.495907053765669237e-01
-5.516820669591726567e-01
-6.562916953989396118e-01
-7.577533296293990084e-01
-8.496547688606316262e-01
-9.252425043830618812e-01
-9.778711903867756128e-01
-1.001469032187871200e+00
-9.909886050701499638e-01
-9.428130020824598834e-01
-8.550895334762736999e-01
-7.279673296430102525e-01
-5.637208839271052874e-01
-3.667484624142662297e-01
-1.434419777248361338e-01
9.806710514640559762e-02
3.482734900575321646e-01
5.967559714193206855e-01
8.327021791018311969e-01
1.045470332203414232e+00
1.225155549121747400e+00
1.363127595868361741e+00
1.452508313088946679e+00
1.488560270067680769e+00
1.468963254801782803e+00
1.393961717219228014e+00
1.266373841410940004e+00
1.091461070078340700e+00
8.766651408587966543e-01
6.312275143965790924e-01
3.657129981183573353e-01
9.146497324818259056e-02
-1.799764268294057334e-01
-4.374598004292437614e-01
-6.707782223065357208e-01
-8.711638520380604600e-01
-1.031693902377893490e+00
-1.147586000540188778e+00
-1.216367807249456368e+00
-1.237913458344029216e+00
-1.214347481907337434e+00
-1.149824818036358165e+00
-1.050202935128132786e+00
-9.226283425239005798e-01
-7.750646592201950735e-01
-6.157925190202728771e-01
-4.529127911516070970e-01
-2.938838107016796819e-01
-1.451206089134969290e-01
-1.167969376325944664e-02
1.029529506826948326e-01
1.969599189819507545e-01
2.701733183954489470e-01
3.239430859244736283e-01
3.609045047099352366e-01
3.846632172402046357e-01
3.994212703839188361e-01
4.095713902735600431e-01
4.192885439360027333e-01
4.321477856672185092e-01
4.507954188733823142e-01
4.766967601369507812e-01
5.099785170993965666e-01
5.493773289610160981e-01
5.922987877181644656e-01
6.349837288199731145e-01
6.727712403496514115e-01
7.004411670815406943e-01
7.126133147166037185e-01
7.041764552908084118e-01
6.707178690185282566e-01
6.089236918484188799e-01
5.169218118273536389e-01
3.945423871328255228e-01
2.434760416469918254e-01
6.731612125908098543e-02
-1.285213301435684796e-01
-3.369984496631849291e-01
-5.497680980858639099e-01
-7.575816027185129364e-01
-9.507689223746493834e-01
-1.119763505750088761e+00
-1.255640848954724609e+00
-1.350638394708013390e+00
-1.398625052952819470e+00
-1.395491233536531928e+00
-1.339434715514118412e+00
-1.231123669280562716e+00
-1.073725333618162026e+00
-8.727967906352558369e-01
-6.360424899210265215e-01
-3.729511435622882565e-01
-9.433185412006458992e-02
1.882245992095804288e-01
4.629288803078961401e-01
7.183875067068807851e-01
9.441747545128321706e-01
1.131349619454781186e+00
1.272888709768530635e+00
1.364011010997500772e+00
1.402376964142710847e+00
1.388151834855745781e+00
1.323931457003664658e+00
1.214536609057255356e+00
1.066690023363738860e+00
8.885968617551591731e-01
6.894549992968082019e-01
4.789253082992521171e-01
2.665940984694215588e-01
6.145983624389622646e-02
-1.285257479707059836e-01
-2.968359127917706841e-01
-4.386457129225486695e-01
-5.509932363787745091e-01
-6.328186384601370840e-01
-6.848821604724206757e-01
-7.095699775918653529e-01
-7.106037282571543434e-01
-6.926754968435682169e-01
-6.610344827225946851e-01
-6.210543167686766175e-01
-5.778108168194588945e-01
-5.356988637974258172e-01
-4.981141112842201180e-01
-4.672206128894752508e-01
-4.438194689336901755e-01
-4.273266479334465462e-01
-4.158606813003434266e-01
-4.064334458468955580e-01
-3.952302236960662518e-01
-3.779591188873176466e-01
-3.502451114781348629e-01
-3.080408562919634274e-01
-2.480249936199241945e-01
-1.679593246328602296e-01
-6.697868308153737127e-02
5.420844638921856751e-02
1.932248196716684907e-01
3.460442834156536862e-01
5.071285447630715648e-01
6.696751300362130399e-01
8.259634003614526598e-01
9.677788568659079216e-01
1.086890528369348852e+00
1.175552345796194054e+00
1.226997328401829623e+00
1.235893282424449513e+00
1.198730565056888242e+00
1.114116193092200113e+00
9.829539550509202028e-01
8.084968918782740044e-01
5.962661334921595113e-01
3.538381465210254095e-01
9.051046268895242275e-02
-1.831365807913846733e-01
-4.557581132690003423e-01
-7.158140166301893981e-01
-9.521569410691463897e-01
-1.154605427118059913e+00
-1.314469205562995846e+00
-1.424996438797361931e+00
-1.481717194126938253e+00
-1.482663525881871003e+00
-1.428453816466639159e+00
-1.322237040653887474e+00
-1.169500880690905964e+00
-9.777556252220516164e-01
-7.561130422274743301e-01
-5.147854817999563126e-01
-2.645349699582054681e-01
-1.610472873096124857e-02
2.203337563110905339e-01
4.356863348687895487e-01
6.223659338224709625e-01
7.746228973316027222e-01
8.887587552667255419e-01
9.632136172778318350e-01
9.985252841885845498e-01
9.971660941273280399e-01
9.632709821945284467e-01
9.022767652292715823e-01
8.204978635712344426e-01
7.246672215673684025e-01
6.214728754506315678e-01
5.171203473040504317e-01
4.169488475808857952e-01
3.251252985726354461e-01
2.444347118607593794e-01
1.761788237523815859e-01
1.201875455981336605e-01
7.494019680476876610e-02
3.778614750351211304e-02
5.247878377573511610e-03
-2.661600689827199606e-02
-6.181425399801898646e-02
-1.040215708644145476e-01
-1.562013585160865747e-01
-2.202799410154977489e-01
-2.968962647797796506e-01
-3.852460303755612103e-01
-4.830329387616469905e-01
-5.865325827137877202e-01
-6.907669535585907461e-01
-7.897800513437440717e-01
-8.769981674259014204e-01
-9.456525018395861570e-01
-9.892372701369390731e-01
-1.001973644112601702e+00
-9.792489492714695487e-01
-9.180015808383985565e-01
-8.170250469200553978e-01
-6.771692280772476646e-01
-5.014230722914475580e-01
-2.948701453270177186e-01
-6.451628158838645932e-02
1.810034588589730653e-01
4.318237247164945503e-01
6.773321426898679665e-01
9.067098808583509140e-01
1.109498601536246243e+00
1.276160904920321970e+00
1.398601374520093588e+00
1.470617358126857566e+00
1.488252537762222882e+00
1.450031924149077334e+00
1.357063817355351087e+00
1.213002084056745478e+00
1.023870335342208282e+00
7.977577422306243449e-01
5.444037987366049380e-01
2.746958698551577593e-01
1.084444143129026372e-04
-2.678836597764809868e-01
-5.183845198629706275e-01
-7.416158071929768170e-01
-9.293846624335009299e-01
-1.075454921145849951e+00
-1.175801875850589928e+00
-1.228737932511503539e+00
-1.234904403791656335e+00
-1.197132787622662731e+00
-1.120186704771196418e+00
-1.010402729818819401e+00
-8.752542126009122958e-01
-7.228664947166226762e-01
-5.615144201858828232e-01
-3.991335775095491978e-01
-2.428752726369732273e-01
-9.873192343495468259e-02
2.874539157683281276e-02
1.366217788486941975e-01
2.236375157070511488e-01
2.901505717271481433e-01
3.379696712144025783e-01
3.700919876878826509e-01
3.903656700667179624e-01
4.031021451246077358e-01
4.126662224192781947e-01
4.230732541398998792e-01
4.376219001171401946e-01
4.585884682372808885e-01
4.870045136286785814e-01
5.225336665064452824e-01
5.634568901420790032e-01
6.067679864348476393e-01
6.483736460528246592e-01
6.833851712827858638e-01
7.064826488020634621e-01
7.123272310642866367e-01
6.959936351724884673e-01
6.533932235600423688e-01
5.816582131026321045e-01
4.794596671166488910e-01
3.472358336439422821e-01
1.873128636119415491e-01
3.906633527078262613e-03
-1.969981102002269502e-01
-4.078872466575838573e-01
-6.200637215259832136e-01
-8.240822375571861258e-01
-1.010247596828807604e+00
-1.169147677241400007e+00
-1.292189375856186206e+00
-1.372105150448996280e+00
-1.403399094986211626e+00
-1.382704725952477620e+00
-1.309031644341914769e+00
-1.183884672498987545e+00
-1.011246554332604575e+00
-7.974233931741366854e-01
-5.507601866970526228e-01
-2.812415984190310692e-01
-1.371852007299670933e-14
